1	0.040677	0.040629
1	0.043235	0.043180
1	0.042972	0.042915
1	0.046245	0.046188
1	0.046697	0.046336
1	0.042166	0.042105
1	0.047743	0.047685
1	0.151711	0.151650
1	0.054346	0.054279
1	0.047873	0.047814
1	0.041349	0.041292
1	0.042391	0.042334
1	0.044223	0.044169
1	0.039566	0.039509
1	0.045938	0.045704
1	0.042270	0.042211
1	0.042544	0.042480
1	0.041751	0.041695
1	0.042425	0.042369
1	0.050438	0.050373
2	0.043564	0.043505
2	0.041501	0.041426
2	0.042972	0.042913
2	0.040688	0.040628
2	0.037886	0.037788
2	0.037770	0.037714
2	0.031727	0.031662
2	0.022622	0.022561
2	0.034965	0.034909
2	0.030313	0.030255
2	0.028151	0.028095
2	0.029532	0.029423
2	0.026352	0.026294
2	0.028675	0.028619
2	0.026068	0.026012
2	0.021379	0.021325
2	0.028472	0.028382
2	0.027959	0.027903
2	0.021531	0.021445
2	0.024499	0.024445
3	0.018303	0.018204
3	0.021720	0.021666
3	0.019524	0.019469
3	0.016971	0.016858
3	0.018160	0.018099
3	0.019959	0.019903
3	0.021003	0.020948
3	0.020622	0.020548
3	0.020171	0.020107
3	0.017990	0.017846
3	0.022119	0.022066
3	0.016577	0.016521
3	0.022078	0.022026
3	0.021039	0.020882
3	0.020416	0.020360
3	0.026798	0.026709
3	0.020537	0.020478
3	0.017390	0.017336
3	0.017737	0.017686
3	0.019074	0.019021
4	0.017054	0.016996
4	0.015441	0.015387
4	0.018297	0.018243
4	0.016723	0.016633
4	0.020024	0.019966
4	0.020150	0.020097
4	0.016445	0.016390
4	0.018138	0.018084
4	0.015029	0.014975
4	0.018658	0.018605
4	0.015923	0.015868
4	0.023975	0.023916
4	0.017799	0.017740
4	0.021734	0.021675
4	0.032370	0.032316
4	0.032121	0.032066
4	0.036068	0.036005
4	0.041290	0.041232
4	0.022239	0.022175
4	0.035741	0.035635
5	0.016219	0.016160
5	0.016630	0.016570
5	0.017796	0.017738
5	0.014077	0.014021
5	0.016817	0.016762
5	0.016287	0.016234
5	0.012907	0.012849
5	0.014170	0.014105
5	0.019320	0.019264
5	0.015939	0.015883
5	0.018771	0.018713
5	0.019552	0.019492
5	0.017065	0.017009
5	0.015473	0.015421
5	0.015080	0.015027
5	0.017083	0.017028
5	0.017320	0.017260
5	0.017721	0.017665
5	0.016949	0.016896
5	0.013086	0.013032
6	0.012773	0.012722
6	0.013345	0.013291
6	0.016011	0.015958
6	0.015544	0.015492
6	0.014263	0.014209
6	0.014990	0.014936
6	0.016912	0.016858
6	0.015015	0.014960
6	0.014863	0.014808
6	0.013704	0.013648
6	0.014740	0.014686
6	0.015089	0.015031
6	0.013725	0.013671
6	0.015424	0.015373
6	0.013339	0.013283
6	0.016542	0.016488
6	0.016053	0.015924
6	0.017682	0.017628
6	0.015605	0.015547
6	0.018627	0.018570
7	0.015850	0.015797
7	0.015139	0.015084
7	0.014574	0.014518
7	0.017456	0.017401
7	0.015861	0.015807
7	0.016376	0.016321
7	0.015585	0.015526
7	0.013129	0.013074
7	0.015752	0.015669
7	0.015999	0.015915
7	0.013623	0.013571
7	0.016125	0.016058
7	0.016336	0.016282
7	0.018885	0.018829
7	0.016813	0.016755
7	0.019309	0.019252
7	0.014762	0.014704
7	0.016164	0.016111
7	0.016746	0.016691
7	0.016898	0.016843
8	0.013881	0.013825
8	0.013902	0.013843
8	0.015714	0.015660
8	0.015914	0.015860
8	0.019781	0.019724
8	0.015466	0.015409
8	0.015629	0.015576
8	0.013771	0.013714
8	0.012201	0.012144
8	0.019396	0.019341
8	0.012118	0.012061
8	0.019082	0.019022
8	0.025941	0.025880
8	0.028451	0.028389
8	0.031321	0.031263
8	0.024955	0.024895
8	0.026357	0.026298
8	0.027174	0.027111
8	0.025752	0.025691
8	0.023204	0.023144
9	0.014148	0.014088
9	0.012566	0.012509
9	0.013859	0.013802
9	0.013473	0.013418
9	0.014321	0.014267
9	0.013840	0.013784
9	0.014148	0.014094
9	0.018813	0.018755
9	0.014173	0.014118
9	0.017151	0.017097
9	0.011611	0.011556
9	0.011167	0.011111
9	0.013264	0.013210
9	0.012726	0.012671
9	0.011644	0.011590
9	0.012967	0.012910
9	0.013018	0.012963
9	0.014003	0.013946
9	0.012253	0.012198
9	0.013382	0.013328
10	0.016200	0.016146
10	0.013880	0.013826
10	0.013814	0.013617
10	0.013146	0.013090
10	0.009051	0.008997
10	0.011763	0.011708
10	0.014659	0.014605
10	0.015451	0.015399
10	0.016505	0.016451
10	0.012015	0.011962
10	0.013059	0.013004
10	0.012958	0.012905
10	0.012614	0.012559
10	0.013226	0.013169
10	0.013116	0.013062
10	0.013236	0.013180
10	0.012229	0.012172
10	0.012014	0.011881
10	0.010830	0.010776
10	0.009238	0.009186
11	0.012034	0.011981
11	0.009356	0.009302
11	0.010745	0.010692
11	0.010976	0.010888
11	0.012838	0.012784
11	0.011431	0.011380
11	0.013909	0.013852
11	0.012725	0.012637
11	0.014224	0.014171
11	0.016120	0.016058
11	0.013567	0.013515
11	0.013857	0.013802
11	0.010784	0.010727
11	0.012530	0.012465
11	0.012016	0.011958
11	0.014061	0.014004
11	0.012119	0.012065
11	0.018498	0.018318
11	0.012409	0.012356
11	0.012574	0.012511
12	0.011418	0.011322
12	0.013902	0.013846
12	0.013318	0.013203
12	0.009581	0.009512
12	0.015613	0.015556
12	0.008328	0.008275
12	0.011035	0.010982
12	0.008522	0.008343
12	0.013036	0.012979
12	0.011937	0.011848
12	0.011245	0.011189
12	0.011241	0.011186
12	0.010742	0.010685
12	0.011410	0.011354
12	0.019169	0.019117
12	0.013574	0.013510
12	0.014885	0.014826
12	0.012371	0.012314
12	0.009683	0.009614
12	0.012598	0.012543
13	0.011331	0.011276
13	0.012336	0.012279
13	0.012971	0.012916
13	0.019885	0.019830
13	0.017690	0.017632
13	0.017700	0.017640
13	0.016272	0.016212
13	0.020797	0.020732
13	0.018836	0.018778
13	0.023027	0.022965
13	0.022125	0.021942
13	0.019862	0.019768
13	0.016426	0.016369
13	0.011379	0.011322
13	0.011488	0.011432
13	0.011081	0.011021
13	0.010435	0.010381
13	0.020047	0.019988
13	0.011404	0.011349
13	0.008555	0.008497
14	0.010245	0.010191
14	0.011928	0.011840
14	0.011907	0.011853
14	0.007931	0.007872
14	0.011282	0.011229
14	0.013496	0.013442
14	0.015792	0.015738
14	0.011350	0.011170
14	0.015189	0.015134
14	0.009244	0.009188
14	0.010312	0.010259
14	0.010981	0.010927
14	0.011507	0.011455
14	0.011135	0.011079
14	0.012466	0.012411
14	0.011050	0.010992
14	0.009831	0.009756
14	0.010221	0.010164
14	0.008711	0.008657
14	0.014129	0.014075
15	0.009372	0.009316
15	0.011381	0.011190
15	0.008916	0.008860
15	0.011364	0.011307
15	0.009834	0.009780
15	0.007139	0.007086
15	0.012263	0.012209
15	0.008568	0.008514
15	0.011764	0.011705
15	0.013888	0.013763
15	0.014194	0.014140
15	0.011733	0.011644
15	0.008078	0.008024
15	0.009188	0.009133
15	0.012088	0.012032
15	0.007456	0.007402
15	0.008545	0.008490
15	0.010561	0.010510
15	0.010148	0.010092
15	0.008898	0.008845
16	0.009800	0.009748
16	0.010114	0.010061
16	0.013838	0.013781
16	0.010564	0.010503
16	0.011548	0.011494
16	0.011673	0.011617
16	0.012297	0.012241
16	0.010193	0.010138
16	0.013264	0.013208
16	0.009283	0.009231
16	0.011321	0.011233
16	0.012228	0.012173
16	0.012305	0.012251
16	0.016212	0.016045
16	0.009542	0.009485
16	0.011376	0.011318
16	0.011268	0.011096
16	0.013942	0.013852
16	0.011861	0.011807
16	0.011784	0.011726
17	0.011585	0.011526
17	0.011525	0.011471
17	0.009851	0.009795
17	0.009955	0.009896
17	0.009068	0.009014
17	0.010170	0.010111
17	0.010332	0.010274
17	0.013217	0.013162
17	0.011320	0.011257
17	0.009141	0.009084
17	0.009129	0.009074
17	0.010672	0.010618
17	0.011085	0.011030
17	0.010342	0.010283
17	0.012759	0.012702
17	0.010291	0.010198
17	0.016843	0.016787
17	0.009176	0.009121
17	0.012670	0.012436
17	0.010723	0.010661
18	0.012679	0.012624
18	0.010731	0.010675
18	0.010093	0.009797
18	0.014832	0.014772
18	0.014043	0.013985
18	0.011247	0.011190
18	0.011073	0.011014
18	0.014434	0.014371
18	0.012455	0.012390
18	0.017048	0.016987
18	0.014548	0.014488
18	0.013880	0.013803
18	0.008185	0.008129
18	0.014197	0.014056
18	0.011171	0.011112
18	0.018384	0.018323
18	0.012972	0.012913
18	0.008126	0.008072
18	0.011009	0.010953
18	0.009013	0.008954
19	0.010065	0.010009
19	0.009590	0.009533
19	0.010474	0.010418
19	0.008132	0.008077
19	0.008886	0.008829
19	0.010298	0.010216
19	0.007828	0.007771
19	0.009533	0.009415
19	0.006849	0.006795
19	0.009189	0.009099
19	0.009424	0.009369
19	0.008120	0.008064
19	0.009408	0.009349
19	0.010215	0.010159
19	0.009143	0.009085
19	0.012664	0.012573
19	0.008108	0.008050
19	0.007155	0.007100
19	0.010584	0.010530
19	0.008507	0.008447
20	0.008159	0.007933
20	0.007347	0.007290
20	0.006088	0.006033
20	0.014350	0.014295
20	0.012856	0.012796
20	0.014518	0.014425
20	0.008236	0.008163
20	0.008403	0.008342
20	0.009834	0.009774
20	0.009528	0.009472
20	0.010430	0.010375
20	0.012105	0.012050
20	0.008666	0.008608
20	0.009085	0.009029
20	0.009245	0.009190
20	0.007243	0.007189
20	0.010920	0.010863
20	0.010016	0.009495
20	0.013785	0.013727
20	0.008662	0.008593
21	0.006774	0.006719
21	0.005863	0.005807
21	0.013059	0.013006
21	0.008496	0.008442
21	0.013287	0.013224
21	0.008909	0.008856
21	0.008261	0.008206
21	0.008858	0.008803
21	0.009112	0.009059
21	0.007978	0.007922
21	0.012531	0.012475
21	0.007580	0.007524
21	0.005804	0.005750
21	0.005520	0.005467
21	0.005400	0.005348
21	0.009461	0.009410
21	0.008550	0.008498
21	0.008236	0.008180
21	0.010052	0.010001
21	0.008253	0.008188
22	0.007103	0.007046
22	0.009296	0.009243
22	0.013094	0.013013
22	0.010417	0.010362
22	0.006610	0.006552
22	0.008553	0.008500
22	0.005619	0.005561
22	0.007722	0.007664
22	0.006756	0.006702
22	0.006850	0.006794
22	0.007405	0.007351
22	0.005644	0.005591
22	0.009558	0.009468
22	0.011379	0.011323
22	0.006990	0.006935
22	0.006059	0.006005
22	0.007008	0.006950
22	0.008734	0.008682
22	0.006548	0.006492
22	0.005300	0.005240
23	0.005292	0.005234
23	0.007059	0.007002
23	0.006533	0.006479
23	0.007519	0.007462
23	0.006755	0.006697
23	0.004490	0.004437
23	0.032886	0.032832
23	0.010101	0.009391
23	0.010164	0.010110
23	0.009803	0.009745
23	0.008950	0.008894
23	0.009053	0.009000
23	0.009577	0.009523
23	0.008913	0.008857
23	0.006945	0.006889
23	0.010212	0.010152
23	0.010838	0.010779
23	0.008086	0.008025
23	0.007849	0.007790
23	0.008881	0.008820
24	0.010073	0.009987
24	0.010964	0.010873
24	0.009310	0.009254
24	0.008075	0.008021
24	0.010089	0.010032
24	0.007036	0.006983
24	0.008086	0.008032
24	0.005527	0.005472
24	0.006269	0.006214
24	0.007495	0.007327
24	0.009361	0.009269
24	0.006342	0.006286
24	0.009733	0.009679
24	0.004989	0.004932
24	0.006976	0.006922
24	0.009828	0.009559
24	0.009472	0.009418
24	0.006186	0.006132
24	0.007925	0.007870
24	0.005411	0.005357
25	0.006507	0.006449
25	0.006494	0.006436
25	0.005279	0.005225
25	0.005109	0.005056
25	0.006532	0.006477
25	0.004977	0.004922
25	0.005197	0.005142
25	0.007002	0.006946
25	0.005087	0.005029
25	0.006743	0.006651
25	0.005508	0.005453
25	0.004685	0.004632
25	0.006062	0.006004
25	0.010353	0.010298
25	0.012442	0.012389
25	0.007364	0.007263
25	0.008785	0.008730
25	0.008336	0.008282
25	0.008355	0.008298
25	0.005993	0.005935
26	0.006277	0.006221
26	0.009456	0.009346
26	0.004290	0.004234
26	0.007976	0.007921
26	0.005093	0.005031
26	0.006443	0.006388
26	0.011205	0.011115
26	0.007209	0.007079
26	0.004077	0.004021
26	0.007385	0.007330
26	0.005407	0.005350
26	0.005980	0.005927
26	0.003864	0.003809
26	0.008097	0.008016
26	0.004445	0.004391
26	0.005173	0.005118
26	0.003869	0.003813
26	0.005548	0.005369
26	0.006468	0.006414
26	0.006623	0.006569
27	0.003911	0.003855
27	0.005475	0.005422
27	0.006712	0.006655
27	0.005542	0.005488
27	0.004111	0.004057
27	0.005233	0.005177
27	0.003196	0.003141
27	0.004329	0.004277
27	0.006117	0.006065
27	0.006320	0.006267
27	0.005181	0.005121
27	0.004409	0.004357
27	0.005180	0.005127
27	0.004992	0.004938
27	0.004834	0.004778
27	0.007538	0.007485
27	0.005628	0.005571
27	0.004019	0.003962
27	0.004306	0.004250
27	0.005824	0.005770
28	0.006715	0.006660
28	0.003083	0.003030
28	0.003928	0.003873
28	0.004932	0.004876
28	0.003117	0.003061
28	0.004095	0.004042
28	0.005610	0.005557
28	0.005521	0.005468
28	0.014623	0.014533
28	0.003353	0.003299
28	0.005797	0.005734
28	0.006053	0.005999
28	0.003907	0.003844
28	0.005971	0.005752
28	0.009275	0.009185
28	0.003272	0.003218
28	0.005532	0.005476
28	0.003343	0.003290
28	0.003650	0.003598
28	0.004387	0.004297
29	0.004291	0.004233
29	0.003452	0.003396
29	0.007716	0.007597
29	0.004401	0.004339
29	0.004854	0.004795
29	0.004568	0.004508
29	0.004032	0.003976
29	0.007639	0.007586
29	0.005859	0.005800
29	0.012193	0.012136
29	0.007954	0.007896
29	0.004170	0.004113
29	0.004010	0.003954
29	0.004265	0.004209
29	0.005733	0.005679
29	0.002885	0.002833
29	0.002831	0.002774
29	0.004095	0.004040
29	0.004525	0.004464
29	0.004406	0.004349
30	0.002988	0.002931
30	0.010967	0.010858
30	0.003371	0.003316
30	0.001567	0.001513
30	0.009031	0.008974
30	0.001924	0.001871
30	0.002055	0.001992
30	0.004019	0.003966
30	0.002893	0.002839
30	0.005613	0.005559
30	0.002169	0.002111
30	0.005494	0.005312
30	0.002337	0.002279
30	0.003183	0.003126
30	0.001780	0.001729
30	0.002911	0.002859
30	0.002478	0.002424
30	0.003041	0.002987
30	0.002980	0.002928
30	0.002980	0.002923
31	0.006245	0.006186
31	0.003379	0.003320
31	0.001783	0.001726
31	0.003393	0.003334
31	0.003075	0.003018
31	0.001806	0.001751
31	0.002401	0.002347
31	0.003041	0.002983
31	0.003268	0.003163
31	0.001704	0.001648
31	0.003151	0.003095
31	0.003346	0.003282
31	0.002988	0.002895
31	0.001820	0.001762
31	0.013075	0.013020
31	0.001644	0.001588
31	0.003242	0.003187
31	0.002837	0.002780
31	0.002890	0.002836
31	0.002348	0.002294
32	0.004780	0.004722
32	0.003255	0.003200
32	0.003525	0.003472
32	0.001924	0.001870
32	0.002778	0.002724
32	0.002154	0.002104
32	0.001730	0.001675
32	0.003058	0.003005
32	0.002422	0.002368
32	0.012218	0.012162
32	0.003010	0.002951
32	0.002733	0.002678
32	0.013063	0.013004
32	0.003410	0.003349
32	0.003185	0.003127
32	0.001823	0.001767
32	0.007619	0.007563
32	0.003190	0.003135
32	0.003350	0.003295
32	0.003323	0.003265
33	0.004563	0.004508
33	0.003092	0.003040
33	0.003697	0.003645
33	0.003508	0.003452
33	0.007130	0.007072
33	0.003319	0.003266
33	0.003457	0.003374
33	0.001887	0.001833
33	0.003157	0.003085
33	0.003820	0.003765
33	0.004354	0.004296
33	0.003312	0.003257
33	0.003896	0.003842
33	0.003563	0.003510
33	0.002355	0.002300
33	0.002099	0.002045
33	0.002993	0.002940
33	0.007129	0.007076
33	0.003584	0.003477
33	0.001866	0.001807
34	0.002101	0.002048
34	0.001815	0.001750
34	0.006201	0.006146
34	0.003243	0.003184
34	0.005330	0.005274
34	0.002754	0.002700
34	0.001863	0.001804
34	0.001824	0.001770
34	0.001893	0.001837
34	0.003244	0.003183
34	0.003076	0.003021
34	0.006998	0.006908
34	0.003318	0.003260
34	0.002785	0.002731
34	0.003056	0.002999
34	0.004927	0.004866
34	0.003477	0.003385
34	0.003171	0.003113
34	0.005432	0.005339
34	0.008613	0.008552
35	0.001889	0.001832
35	0.009548	0.009489
35	0.009159	0.009104
35	0.004724	0.004664
35	0.014827	0.014736
35	0.015887	0.015783
35	0.002319	0.002253
35	0.004008	0.003953
35	0.002223	0.002165
35	0.012099	0.011986
35	0.013236	0.013177
35	0.005084	0.005032
35	0.002511	0.002456
35	0.003409	0.003356
35	0.005950	0.005897
35	0.002181	0.002125
35	0.001921	0.001862
35	0.003005	0.002949
35	0.002167	0.002114
35	0.002233	0.002178
36	0.003186	0.003113
36	0.003427	0.003370
36	0.002151	0.002098
36	0.002473	0.002421
36	0.003301	0.003243
36	0.003474	0.003413
36	0.002414	0.002358
36	0.002443	0.002389
36	0.014752	0.014693
36	0.002778	0.002720
36	0.006965	0.006911
36	0.001985	0.001929
36	0.003705	0.003648
36	0.003387	0.003330
36	0.003235	0.003180
36	0.006181	0.005993
36	0.004615	0.004556
36	0.002002	0.001944
36	0.002327	0.002162
36	0.005212	0.005157
37	0.002512	0.002453
37	0.001950	0.001894
37	0.002684	0.002629
37	0.002117	0.002065
37	0.002743	0.002650
37	0.004197	0.003546
37	0.006036	0.005978
37	0.003205	0.003149
37	0.004300	0.004246
37	0.006168	0.006111
37	0.002542	0.002487
37	0.001894	0.001840
37	0.003766	0.003714
37	0.003297	0.003242
37	0.004114	0.004059
37	0.001991	0.001937
37	0.002270	0.002217
37	0.003202	0.003152
37	0.003478	0.003233
37	0.006124	0.006068
38	0.005141	0.005082
38	0.003291	0.003234
38	0.002897	0.002843
38	0.003228	0.003174
38	0.004468	0.004412
38	0.005195	0.005139
38	0.002340	0.002284
38	0.003442	0.003387
38	0.008954	0.008899
38	0.005451	0.005396
38	0.002498	0.002442
38	0.002018	0.001963
38	0.003631	0.003577
38	0.003448	0.003392
38	0.003765	0.003712
38	0.002070	0.002017
38	0.016537	0.016447
38	0.002128	0.002069
38	0.002572	0.002516
38	0.002098	0.002042
39	0.002295	0.002196
39	0.003493	0.003437
39	0.003298	0.003242
39	0.002287	0.002233
39	0.002080	0.002024
39	0.002128	0.002072
39	0.008626	0.008535
39	0.002078	0.002022
39	0.002162	0.002102
39	0.002622	0.002553
39	0.003347	0.003287
39	0.003526	0.003472
39	0.002520	0.002464
39	0.003315	0.003261
39	0.002298	0.002241
39	0.008355	0.008299
39	0.003504	0.003451
39	0.003623	0.003568
39	0.007170	0.007104
39	0.003486	0.003428
40	0.011081	0.011017
40	0.005289	0.005219
40	0.023033	0.022847
40	0.017715	0.017655
40	0.021367	0.021306
40	0.004394	0.004331
40	0.005450	0.005393
40	0.013027	0.012935
40	0.017528	0.017440
40	0.008446	0.008345
40	0.016797	0.016739
40	0.003971	0.003917
40	0.002631	0.002577
40	0.005881	0.005827
40	0.003192	0.003138
40	0.002754	0.002697
40	0.004229	0.004177
40	0.003165	0.003110
40	0.003663	0.003608
40	0.002379	0.002325
41	0.002659	0.002603
41	0.002321	0.002264
41	0.003715	0.003659
41	0.005723	0.005669
41	0.004858	0.004803
41	0.002909	0.002855
41	0.015026	0.014823
41	0.003049	0.002997
41	0.002256	0.002204
41	0.002976	0.002914
41	0.003099	0.003045
41	0.005459	0.005408
41	0.004364	0.004308
41	0.004614	0.004561
41	0.002131	0.002078
41	0.002451	0.002392
41	0.004058	0.004001
41	0.017839	0.017782
41	0.006940	0.006886
41	0.008018	0.007958
42	0.015404	0.014905
42	0.004508	0.004441
42	0.004556	0.004498
42	0.003724	0.003666
42	0.004916	0.004862
42	0.003487	0.003429
42	0.006556	0.006501
42	0.002674	0.002619
42	0.008229	0.008175
42	0.002330	0.002277
42	0.002743	0.002686
42	0.009200	0.009148
42	0.022397	0.022342
42	0.008956	0.008899
42	0.015640	0.015583
42	0.003737	0.003667
42	0.002921	0.002864
42	0.002628	0.002575
42	0.002336	0.002280
42	0.002999	0.002944
43	0.007247	0.007192
43	0.005385	0.005329
43	0.003038	0.002898
43	0.004999	0.004948
43	0.005126	0.005073
43	0.004084	0.004028
43	0.003436	0.003380
43	0.014968	0.014909
43	0.003890	0.003833
43	0.003951	0.003898
43	0.003721	0.003665
43	0.004046	0.003987
43	0.004303	0.004238
43	0.003977	0.003921
43	0.002406	0.002348
43	0.002401	0.002345
43	0.002281	0.002228
43	0.003652	0.003594
43	0.003591	0.003532
43	0.002296	0.002242
44	0.002690	0.002636
44	0.003820	0.003702
44	0.004930	0.004879
44	0.004047	0.003994
44	0.002504	0.002449
44	0.002456	0.002402
44	0.002919	0.002864
44	0.002364	0.002310
44	0.002330	0.002275
44	0.002724	0.002668
44	0.002973	0.002887
44	0.002604	0.002550
44	0.003878	0.003824
44	0.003558	0.003503
44	0.003595	0.003544
44	0.011224	0.011172
44	0.006498	0.006443
44	0.017196	0.017142
44	0.002432	0.002378
44	0.003354	0.003284
45	0.002683	0.002628
45	0.002600	0.002541
45	0.002487	0.002429
45	0.002412	0.002356
45	0.019378	0.019321
45	0.003928	0.003868
45	0.003189	0.003132
45	0.010164	0.010103
45	0.010970	0.010913
45	0.004120	0.004065
45	0.006989	0.006934
45	0.004095	0.004040
45	0.003729	0.003676
45	0.003981	0.003924
45	0.004747	0.004692
45	0.003094	0.003006
45	0.008121	0.008064
45	0.002846	0.002791
45	0.005497	0.005443
45	0.005325	0.005263
46	0.002868	0.002812
46	0.003525	0.003472
46	0.002447	0.002394
46	0.004155	0.004094
46	0.007252	0.007202
46	0.002898	0.002844
46	0.002472	0.002415
46	0.002673	0.002620
46	0.003230	0.003175
46	0.003697	0.003642
46	0.003911	0.003856
46	0.011998	0.011944
46	0.002795	0.002741
46	0.006412	0.006358
46	0.016931	0.016876
46	0.002376	0.002323
46	0.002895	0.002839
46	0.002382	0.002327
46	0.003853	0.003801
46	0.010313	0.010258
47	0.006696	0.006640
47	0.002551	0.002496
47	0.008233	0.008007
47	0.002755	0.002701
47	0.005251	0.005200
47	0.002603	0.002548
47	0.005647	0.005590
47	0.007937	0.007883
47	0.007253	0.007196
47	0.003003	0.002951
47	0.003053	0.002996
47	0.004384	0.004221
47	0.002970	0.002916
47	0.003739	0.003651
47	0.003950	0.003867
47	0.002702	0.002650
47	0.002524	0.002472
47	0.002576	0.002521
47	0.002514	0.002457
47	0.002647	0.002591
48	0.002753	0.002693
48	0.004674	0.004618
48	0.002544	0.002490
48	0.002599	0.002545
48	0.009884	0.009830
48	0.002501	0.002449
48	0.003482	0.003422
48	0.004105	0.004052
48	0.005957	0.005856
48	0.002635	0.002580
48	0.008183	0.008130
48	0.002859	0.002806
48	0.008017	0.007963
48	0.003871	0.003820
48	0.003257	0.003202
48	0.004004	0.003949
48	0.018271	0.018216
48	0.003804	0.003752
48	0.003406	0.003338
48	0.003780	0.003727
49	0.007277	0.007191
49	0.002681	0.002629
49	0.003525	0.003474
49	0.003867	0.003814
49	0.003763	0.003709
49	0.003031	0.002980
49	0.004159	0.004107
49	0.004488	0.004434
49	0.006306	0.006111
49	0.003397	0.003343
49	0.002666	0.002609
49	0.003559	0.003508
49	0.009294	0.009242
49	0.006506	0.006454
49	0.002663	0.002610
49	0.002629	0.002577
49	0.003215	0.003161
49	0.002596	0.002537
49	0.007131	0.007077
49	0.002664	0.002610
50	0.003766	0.003710
50	0.006240	0.006187
50	0.003274	0.003219
50	0.015187	0.015106
50	0.006515	0.006461
50	0.002881	0.002825
50	0.005539	0.005470
50	0.005804	0.005750
50	0.004030	0.003958
50	0.005754	0.005695
50	0.009105	0.009049
50	0.004144	0.004087
50	0.002661	0.002607
50	0.007689	0.007634
50	0.003943	0.003891
50	0.003982	0.003925
50	0.003926	0.003874
50	0.008954	0.008894
50	0.008814	0.008757
50	0.005136	0.005081
1	0.039333	0.039282
1	0.046157	0.046104
1	0.049279	0.049221
1	0.042602	0.042541
1	0.107079	0.107015
1	0.042074	0.042020
1	0.046979	0.046922
1	0.048902	0.048846
1	0.039345	0.039290
1	0.045307	0.045252
1	0.043062	0.043008
1	0.052859	0.052804
1	0.102246	0.102180
1	0.103914	0.103853
1	0.045512	0.045447
1	0.045145	0.045085
1	0.041175	0.041118
1	0.043178	0.043120
1	0.041058	0.040992
1	0.043564	0.043506
2	0.023015	0.022954
2	0.024212	0.024157
2	0.026428	0.026370
2	0.022641	0.022587
2	0.027251	0.027192
2	0.023319	0.023264
2	0.021326	0.021270
2	0.021967	0.021640
2	0.023029	0.022960
2	0.026287	0.026233
2	0.021702	0.021648
2	0.024907	0.024853
2	0.022992	0.022919
2	0.024119	0.024064
2	0.023258	0.023203
2	0.021015	0.020963
2	0.021416	0.021360
2	0.020081	0.020026
2	0.019638	0.019564
2	0.022364	0.022295
3	0.017016	0.016962
3	0.020640	0.020590
3	0.020812	0.020760
3	0.018314	0.018258
3	0.019428	0.019368
3	0.019250	0.019197
3	0.017837	0.017781
3	0.021545	0.021494
3	0.016374	0.016323
3	0.023224	0.023133
3	0.018341	0.018287
3	0.020917	0.020862
3	0.041693	0.041637
3	0.083387	0.083161
3	0.031068	0.031008
3	0.037115	0.036994
3	0.025243	0.025181
3	0.022215	0.022162
3	0.023323	0.023231
3	0.021005	0.020949
4	0.021750	0.021696
4	0.018121	0.018065
4	0.017244	0.017187
4	0.016071	0.015972
4	0.017512	0.017460
4	0.018006	0.017953
4	0.018063	0.018009
4	0.017772	0.017720
4	0.018201	0.018149
4	0.019680	0.019622
4	0.019111	0.019056
4	0.019321	0.019267
4	0.016259	0.016186
4	0.018496	0.018441
4	0.015575	0.015521
4	0.013865	0.013810
4	0.015606	0.015551
4	0.016444	0.016389
4	0.016300	0.016247
4	0.017760	0.017697
5	0.015998	0.015938
5	0.013940	0.013884
5	0.017177	0.017122
5	0.018485	0.018430
5	0.017443	0.017385
5	0.016042	0.015988
5	0.017903	0.017851
5	0.016081	0.016027
5	0.019340	0.019282
5	0.019259	0.019205
5	0.018659	0.018605
5	0.014753	0.014700
5	0.015943	0.015879
5	0.012052	0.011999
5	0.015671	0.015620
5	0.013103	0.013050
5	0.015016	0.014965
5	0.016035	0.015984
5	0.017927	0.017868
5	0.020149	0.020091
6	0.015152	0.015099
6	0.015681	0.015614
6	0.014800	0.014747
6	0.013615	0.013562
6	0.015604	0.015551
6	0.019172	0.019029
6	0.023243	0.023187
6	0.014114	0.014061
6	0.014602	0.014552
6	0.016061	0.016008
6	0.016999	0.016942
6	0.012933	0.012879
6	0.013284	0.013228
6	0.017688	0.017633
6	0.020745	0.020692
6	0.032350	0.032294
6	0.035936	0.035873
6	0.038719	0.038658
6	0.031870	0.031811
6	0.025062	0.025002
7	0.016222	0.016163
7	0.017867	0.017807
7	0.019363	0.019310
7	0.015576	0.015520
7	0.015439	0.015383
7	0.013527	0.013473
7	0.011809	0.011756
7	0.013017	0.012965
7	0.012813	0.012759
7	0.013520	0.013466
7	0.012534	0.012479
7	0.011349	0.011299
7	0.012996	0.012948
7	0.012528	0.012477
7	0.014193	0.014139
7	0.015725	0.015671
7	0.016623	0.016570
7	0.014585	0.014532
7	0.012670	0.012615
7	0.017854	0.017800
8	0.013957	0.013901
8	0.017588	0.017535
8	0.016917	0.016863
8	0.014134	0.014077
8	0.012764	0.012710
8	0.012402	0.012345
8	0.015893	0.015839
8	0.013634	0.013583
8	0.009993	0.009940
8	0.011954	0.011902
8	0.013082	0.013028
8	0.013070	0.013019
8	0.013798	0.013743
8	0.013829	0.013777
8	0.013244	0.013176
8	0.013239	0.013185
8	0.014083	0.014025
8	0.014216	0.014161
8	0.015060	0.015006
8	0.014401	0.014347
9	0.013692	0.013635
9	0.011438	0.011378
9	0.010832	0.010780
9	0.014000	0.013948
9	0.011289	0.011237
9	0.010135	0.010076
9	0.010127	0.010076
9	0.010503	0.010452
9	0.012666	0.012616
9	0.012449	0.012396
9	0.011043	0.010984
9	0.011057	0.011003
9	0.013224	0.013173
9	0.014338	0.014284
9	0.027022	0.026966
9	0.026535	0.026475
9	0.022923	0.022861
9	0.028055	0.027994
9	0.023139	0.023084
9	0.012728	0.012674
10	0.013552	0.013497
10	0.012375	0.012319
10	0.009532	0.009476
10	0.013812	0.013759
10	0.011966	0.011910
10	0.012434	0.012381
10	0.011101	0.011048
10	0.013833	0.013780
10	0.010453	0.010399
10	0.011851	0.011791
10	0.011155	0.011100
10	0.013698	0.013643
10	0.010334	0.010283
10	0.012280	0.012227
10	0.010813	0.010759
10	0.010973	0.010917
10	0.010314	0.010262
10	0.010971	0.010920
10	0.011561	0.011510
10	0.009751	0.009690
11	0.010300	0.010252
11	0.013228	0.013174
11	0.013506	0.013453
11	0.014616	0.014561
11	0.012014	0.011960
11	0.014314	0.014257
11	0.011128	0.011074
11	0.009659	0.009605
11	0.009674	0.009622
11	0.009891	0.009837
11	0.014286	0.014236
11	0.014324	0.014264
11	0.014716	0.014658
11	0.017429	0.017371
11	0.024167	0.024107
11	0.016355	0.016252
11	0.020930	0.020868
11	0.018532	0.018468
11	0.020603	0.020541
11	0.012591	0.012533
12	0.016144	0.016085
12	0.015705	0.015646
12	0.016412	0.016356
12	0.012993	0.012934
12	0.013840	0.013729
12	0.012947	0.012893
12	0.008299	0.008245
12	0.013585	0.013523
12	0.010311	0.010258
12	0.012325	0.012268
12	0.019098	0.018974
12	0.012972	0.012919
12	0.014476	0.014376
12	0.012107	0.012054
12	0.011899	0.011846
12	0.012788	0.012732
12	0.017011	0.016835
12	0.011928	0.011867
12	0.011650	0.011587
12	0.010880	0.010654
13	0.008707	0.008654
13	0.010087	0.010034
13	0.012850	0.012796
13	0.012998	0.012945
13	0.011384	0.011334
13	0.012882	0.012826
13	0.010336	0.010278
13	0.014034	0.013896
13	0.011944	0.011892
13	0.013004	0.012851
13	0.010517	0.010461
13	0.013534	0.013478
13	0.013530	0.013440
13	0.012284	0.012231
13	0.011363	0.011307
13	0.012440	0.012381
13	0.012616	0.012561
13	0.014321	0.014266
13	0.010672	0.010618
13	0.014980	0.014927
14	0.010745	0.010690
14	0.011376	0.011321
14	0.011861	0.011769
14	0.011399	0.011346
14	0.011462	0.011411
14	0.011185	0.011132
14	0.011149	0.011094
14	0.009678	0.009623
14	0.011532	0.011474
14	0.010441	0.010386
14	0.011751	0.011698
14	0.017055	0.016999
14	0.012433	0.012361
14	0.010835	0.010773
14	0.009863	0.009806
14	0.011429	0.011373
14	0.013507	0.013450
14	0.011754	0.011698
14	0.015116	0.015058
14	0.012283	0.012227
15	0.009894	0.009841
15	0.010401	0.010346
15	0.011706	0.011463
15	0.012150	0.012098
15	0.009018	0.008967
15	0.011965	0.011899
15	0.013932	0.013877
15	0.009527	0.009470
15	0.011278	0.011223
15	0.008460	0.008404
15	0.010795	0.010740
15	0.015297	0.015244
15	0.010136	0.010078
15	0.013583	0.013527
15	0.009657	0.009603
15	0.012987	0.012934
15	0.012924	0.012870
15	0.008717	0.008661
15	0.010077	0.010023
15	0.009971	0.009914
16	0.009266	0.009208
16	0.010798	0.010742
16	0.010137	0.010080
16	0.010016	0.009964
16	0.010883	0.010828
16	0.007477	0.007423
16	0.014854	0.014796
16	0.015101	0.015042
16	0.014259	0.014171
16	0.011690	0.011633
16	0.013294	0.013239
16	0.013312	0.013254
16	0.014337	0.014280
16	0.019230	0.019163
16	0.007295	0.007210
16	0.009367	0.009310
16	0.015435	0.015377
16	0.013633	0.013576
16	0.010864	0.010808
16	0.010089	0.010037
17	0.009481	0.009427
17	0.009828	0.009775
17	0.008441	0.008389
17	0.010295	0.010241
17	0.010544	0.010492
17	0.009863	0.009810
17	0.009270	0.009218
17	0.009783	0.009726
17	0.011401	0.011344
17	0.015565	0.015474
17	0.010651	0.010491
17	0.011084	0.011032
17	0.014264	0.014211
17	0.007775	0.007721
17	0.011626	0.011571
17	0.011236	0.011182
17	0.007664	0.007613
17	0.009068	0.009014
17	0.007132	0.007079
17	0.014490	0.014435
18	0.009874	0.009820
18	0.011049	0.010905
18	0.007064	0.007005
18	0.009099	0.009046
18	0.010329	0.010274
18	0.010761	0.010709
18	0.013157	0.013105
18	0.009494	0.009439
18	0.010335	0.010283
18	0.010445	0.010392
18	0.008063	0.008008
18	0.010277	0.010222
18	0.007659	0.007603
18	0.007193	0.007077
18	0.009482	0.009430
18	0.009063	0.009008
18	0.008041	0.007989
18	0.010460	0.010404
18	0.010343	0.010287
18	0.010175	0.010118
19	0.008832	0.008778
19	0.007884	0.007831
19	0.008532	0.008479
19	0.008386	0.008333
19	0.006857	0.006806
19	0.008086	0.008031
19	0.008353	0.008299
19	0.012426	0.012338
19	0.011728	0.011674
19	0.009638	0.009575
19	0.006813	0.006729
19	0.009137	0.009084
19	0.014780	0.014591
19	0.009773	0.009720
19	0.009747	0.009694
19	0.006501	0.006446
19	0.011524	0.011471
19	0.011641	0.011586
19	0.009614	0.009555
19	0.009403	0.009352
20	0.007252	0.007197
20	0.008742	0.008556
20	0.009245	0.009188
20	0.011430	0.011377
20	0.007788	0.007732
20	0.010881	0.010800
20	0.013386	0.013330
20	0.013239	0.013179
20	0.013114	0.013058
20	0.008814	0.008653
20	0.010093	0.010039
20	0.009186	0.009127
20	0.007971	0.007912
20	0.007898	0.007843
20	0.006617	0.006562
20	0.007246	0.007192
20	0.007002	0.006931
20	0.007764	0.007710
20	0.008876	0.008822
20	0.013176	0.013122
21	0.007853	0.007800
21	0.005347	0.005294
21	0.008872	0.008818
21	0.007378	0.007324
21	0.005771	0.005715
21	0.006783	0.006730
21	0.011907	0.011855
21	0.010207	0.010151
21	0.010443	0.010390
21	0.007202	0.007145
21	0.014725	0.014668
21	0.010118	0.010059
21	0.011071	0.010917
21	0.010894	0.010837
21	0.011389	0.011327
21	0.013592	0.013534
21	0.009301	0.009239
21	0.024354	0.024290
21	0.017996	0.017939
21	0.012049	0.011990
22	0.009785	0.009727
22	0.009795	0.009732
22	0.013975	0.013912
22	0.009091	0.009035
22	0.008595	0.008536
22	0.006275	0.006221
22	0.006845	0.006790
22	0.013722	0.013366
22	0.005401	0.005349
22	0.008105	0.008041
22	0.006723	0.006671
22	0.007021	0.006965
22	0.008317	0.008262
22	0.008252	0.008198
22	0.008596	0.008437
22	0.006256	0.006201
22	0.008459	0.008406
22	0.006893	0.006840
22	0.007908	0.007855
22	0.006239	0.006185
23	0.006666	0.006602
23	0.008997	0.008912
23	0.006011	0.005959
23	0.013781	0.013723
23	0.008831	0.008776
23	0.007160	0.007103
23	0.011067	0.010974
23	0.008728	0.008675
23	0.005632	0.005477
23	0.008381	0.008288
23	0.006720	0.006665
23	0.012661	0.012606
23	0.006676	0.006616
23	0.008414	0.008359
23	0.008906	0.008822
23	0.006073	0.006019
23	0.007827	0.007773
23	0.006673	0.006619
23	0.008549	0.008493
23	0.008628	0.008574
24	0.005426	0.005373
24	0.007354	0.007300
24	0.007076	0.007022
24	0.007603	0.007549
24	0.007667	0.007612
24	0.006236	0.006183
24	0.008166	0.008113
24	0.008188	0.008128
24	0.005457	0.005402
24	0.005212	0.005158
24	0.006237	0.006184
24	0.004880	0.004825
24	0.006038	0.005984
24	0.008826	0.008772
24	0.006125	0.006071
24	0.005420	0.005366
24	0.007167	0.007106
24	0.013502	0.013446
24	0.013528	0.013458
24	0.011333	0.011273
25	0.005541	0.005487
25	0.006558	0.006497
25	0.005151	0.005100
25	0.007094	0.007042
25	0.007279	0.007193
25	0.005239	0.005187
25	0.005017	0.004964
25	0.006583	0.006531
25	0.004774	0.004718
25	0.007491	0.007435
25	0.004724	0.004666
25	0.007195	0.007141
25	0.005812	0.005755
25	0.007808	0.007754
25	0.008640	0.008519
25	0.005500	0.005446
25	0.006434	0.006382
25	0.006022	0.005967
25	0.005320	0.005267
25	0.012643	0.012588
26	0.004843	0.004791
26	0.012736	0.012680
26	0.004574	0.004514
26	0.006580	0.006525
26	0.005938	0.005882
26	0.004097	0.004045
26	0.014310	0.014255
26	0.006602	0.006550
26	0.004104	0.004049
26	0.004996	0.004944
26	0.007450	0.007395
26	0.005472	0.005419
26	0.008801	0.008747
26	0.006052	0.005634
26	0.005311	0.005257
26	0.004250	0.004188
26	0.004173	0.004120
26	0.007873	0.007818
26	0.003836	0.003782
26	0.008402	0.008308
27	0.004355	0.004300
27	0.004049	0.003981
27	0.004331	0.004274
27	0.005060	0.005004
27	0.004445	0.004390
27	0.008426	0.008369
27	0.007117	0.007063
27	0.006278	0.006219
27	0.006687	0.006630
27	0.007142	0.007076
27	0.006568	0.006512
27	0.009896	0.009836
27	0.004169	0.004114
27	0.008145	0.008084
27	0.008401	0.008346
27	0.005314	0.005245
27	0.007444	0.007381
27	0.004336	0.004277
27	0.005107	0.005051
27	0.007210	0.007151
28	0.005937	0.005877
28	0.006484	0.006429
28	0.005123	0.005066
28	0.002646	0.002594
28	0.004027	0.003974
28	0.004969	0.004916
28	0.006981	0.006928
28	0.004095	0.003969
28	0.003982	0.003929
28	0.003777	0.003723
28	0.006315	0.006254
28	0.003385	0.003331
28	0.003504	0.003451
28	0.002870	0.002812
28	0.003065	0.003013
28	0.007742	0.007688
28	0.004554	0.004501
28	0.006222	0.006164
28	0.005381	0.005326
28	0.005012	0.004955
29	0.003946	0.003894
29	0.003534	0.003479
29	0.003756	0.003701
29	0.001772	0.001714
29	0.003901	0.003848
29	0.004003	0.003950
29	0.004872	0.004815
29	0.004398	0.004346
29	0.005629	0.005540
29	0.007010	0.006957
29	0.002748	0.002693
29	0.003795	0.003739
29	0.009453	0.009398
29	0.004450	0.004394
29	0.002937	0.002884
29	0.003944	0.003891
29	0.004307	0.004253
29	0.004632	0.004492
29	0.002725	0.002673
29	0.003540	0.003488
30	0.002801	0.002749
30	0.002945	0.002889
30	0.001664	0.001611
30	0.003024	0.002970
30	0.002968	0.002908
30	0.002874	0.002816
30	0.003981	0.003923
30	0.003104	0.003050
30	0.002364	0.002309
30	0.002776	0.002723
30	0.003065	0.003011
30	0.003168	0.003111
30	0.003146	0.003091
30	0.001832	0.001772
30	0.001808	0.001750
30	0.003153	0.003098
30	0.008642	0.008583
30	0.001617	0.001564
30	0.002970	0.002918
30	0.002272	0.002216
31	0.003891	0.003839
31	0.003284	0.003113
31	0.002992	0.002937
31	0.002839	0.002785
31	0.003118	0.003064
31	0.001620	0.001568
31	0.001683	0.001625
31	0.002187	0.002132
31	0.002992	0.002936
31	0.001742	0.001689
31	0.002965	0.002911
31	0.001678	0.001624
31	0.003167	0.003110
31	0.006599	0.006449
31	0.002958	0.002903
31	0.004905	0.004845
31	0.002094	0.002035
31	0.003111	0.003056
31	0.002915	0.002861
31	0.010644	0.010589
32	0.003179	0.003115
32	0.003104	0.003050
32	0.006053	0.005964
32	0.002996	0.002943
32	0.003254	0.003201
32	0.003609	0.003555
32	0.001979	0.001928
32	0.009127	0.009073
32	0.002402	0.002334
32	0.001735	0.001679
32	0.003103	0.003043
32	0.001690	0.001636
32	0.002965	0.002912
32	0.015840	0.015750
32	0.002091	0.002036
32	0.004980	0.004923
32	0.001984	0.001767
32	0.003153	0.003064
32	0.003145	0.003088
32	0.003168	0.003110
33	0.002979	0.002925
33	0.001896	0.001843
33	0.003488	0.003315
33	0.002756	0.002699
33	0.004006	0.003950
33	0.005506	0.005405
33	0.006766	0.006711
33	0.018106	0.018053
33	0.004024	0.003969
33	0.003082	0.003031
33	0.009060	0.008996
33	0.007404	0.007220
33	0.007209	0.007152
33	0.003523	0.003466
33	0.002300	0.002243
33	0.003451	0.003393
33	0.003347	0.003294
33	0.005250	0.005196
33	0.004553	0.004490
33	0.002565	0.002509
34	0.005895	0.005838
34	0.003087	0.003033
34	0.003203	0.003150
34	0.002990	0.002906
34	0.003078	0.003014
34	0.002302	0.002246
34	0.003424	0.003370
34	0.003473	0.003417
34	0.002139	0.002086
34	0.002506	0.002454
34	0.005590	0.005534
34	0.003247	0.003195
34	0.001719	0.001665
34	0.002694	0.002632
34	0.003214	0.003155
34	0.002263	0.002204
34	0.002025	0.001969
34	0.002986	0.002930
34	0.007090	0.007039
34	0.001938	0.001882
35	0.003171	0.003117
35	0.002587	0.002533
35	0.003402	0.003346
35	0.002281	0.002220
35	0.001899	0.001845
35	0.003440	0.003387
35	0.001865	0.001809
35	0.003539	0.003482
35	0.001970	0.001912
35	0.002642	0.002585
35	0.003976	0.003864
35	0.003346	0.003286
35	0.002809	0.002756
35	0.002101	0.002044
35	0.003196	0.003140
35	0.001789	0.001734
35	0.002080	0.002025
35	0.004259	0.004204
35	0.001982	0.001926
35	0.003407	0.003346
36	0.002979	0.002927
36	0.003101	0.003047
36	0.003297	0.003244
36	0.017728	0.017638
36	0.002543	0.002490
36	0.002072	0.002019
36	0.004750	0.004695
36	0.010975	0.010626
36	0.003412	0.003357
36	0.005507	0.005453
36	0.003256	0.003202
36	0.002967	0.002913
36	0.001990	0.001936
36	0.009927	0.009840
36	0.001897	0.001844
36	0.003227	0.003171
36	0.002372	0.002306
36	0.001991	0.001936
36	0.002913	0.002861
36	0.003699	0.003645
37	0.012697	0.012642
37	0.002959	0.002901
37	0.001998	0.001943
37	0.002019	0.001963
37	0.002263	0.002203
37	0.003519	0.003463
37	0.003571	0.003517
37	0.003531	0.003475
37	0.002462	0.002409
37	0.004008	0.003956
37	0.002748	0.002693
37	0.002373	0.002317
37	0.003152	0.003097
37	0.003259	0.003206
37	0.006198	0.006140
37	0.002076	0.002021
37	0.002963	0.002909
37	0.002236	0.002181
37	0.002463	0.002410
37	0.002354	0.002296
38	0.003245	0.003189
38	0.002893	0.002838
38	0.003281	0.003226
38	0.001946	0.001893
38	0.004279	0.004227
38	0.004232	0.004177
38	0.002975	0.002923
38	0.003338	0.003283
38	0.010299	0.010246
38	0.003658	0.003603
38	0.004123	0.004070
38	0.003401	0.003345
38	0.003021	0.002969
38	0.006807	0.006751
38	0.006122	0.006068
38	0.002452	0.002396
38	0.003189	0.003135
38	0.002261	0.002207
38	0.002383	0.002326
38	0.007761	0.007697
39	0.007577	0.007517
39	0.003692	0.003632
39	0.003489	0.003423
39	0.003466	0.003411
39	0.002793	0.002737
39	0.004225	0.004171
39	0.002034	0.001978
39	0.002850	0.002797
39	0.003694	0.003640
39	0.003254	0.003196
39	0.003503	0.003451
39	0.003460	0.003406
39	0.004952	0.004902
39	0.004043	0.003961
39	0.006201	0.006151
39	0.003798	0.003673
39	0.006924	0.006868
39	0.002254	0.002199
39	0.002070	0.002017
39	0.002209	0.002154
40	0.002228	0.002172
40	0.017127	0.017075
40	0.002957	0.002866
40	0.005292	0.005227
40	0.003928	0.003876
40	0.002987	0.002932
40	0.003482	0.003430
40	0.002488	0.002437
40	0.003797	0.003741
40	0.002895	0.002844
40	0.003338	0.003286
40	0.002208	0.002153
40	0.003145	0.003089
40	0.007266	0.007210
40	0.007977	0.007850
40	0.002503	0.002450
40	0.002265	0.002118
40	0.002135	0.002081
40	0.003650	0.003592
40	0.003055	0.002995
41	0.008619	0.008321
41	0.002161	0.002106
41	0.005049	0.004998
41	0.002780	0.002725
41	0.003389	0.003337
41	0.002815	0.002761
41	0.005433	0.005382
41	0.004717	0.004663
41	0.002137	0.002085
41	0.002172	0.002116
41	0.005195	0.005137
41	0.007427	0.007376
41	0.003199	0.003140
41	0.003411	0.003357
41	0.002157	0.002104
41	0.002208	0.002154
41	0.002978	0.002923
41	0.002117	0.002062
41	0.002089	0.002040
41	0.004649	0.004581
42	0.004626	0.004573
42	0.003889	0.003838
42	0.003401	0.003349
42	0.002196	0.002143
42	0.003003	0.002948
42	0.004325	0.004271
42	0.006804	0.006748
42	0.006660	0.006572
42	0.002418	0.002365
42	0.003645	0.003500
42	0.002237	0.002183
42	0.002389	0.002334
42	0.002909	0.002827
42	0.007045	0.006857
42	0.005251	0.005198
42	0.002438	0.002386
42	0.006701	0.006645
42	0.009144	0.009092
42	0.002413	0.002359
42	0.002466	0.002412
43	0.003942	0.002655
43	0.002303	0.002243
43	0.002264	0.002211
43	0.003980	0.003924
43	0.002370	0.002316
43	0.002292	0.002239
43	0.002227	0.002176
43	0.003406	0.003354
43	0.004029	0.003973
43	0.024755	0.024312
43	0.009336	0.009280
43	0.002382	0.002329
43	0.006912	0.006857
43	0.006853	0.006616
43	0.003914	0.003861
43	0.003273	0.003212
43	0.004648	0.004595
43	0.006231	0.006178
43	0.002353	0.002300
43	0.004161	0.004106
44	0.004125	0.004072
44	0.003850	0.003796
44	0.003676	0.003612
44	0.004217	0.004159
44	0.003708	0.003652
44	0.010626	0.010573
44	0.009123	0.009071
44	0.003637	0.003582
44	0.003581	0.003528
44	0.003933	0.003880
44	0.003712	0.003653
44	0.003274	0.003219
44	0.003861	0.003808
44	0.002406	0.002351
44	0.009335	0.009283
44	0.003788	0.003733
44	0.004981	0.004927
44	0.006369	0.006316
44	0.004351	0.004298
44	0.005012	0.004957
45	0.002850	0.002796
45	0.003358	0.003306
45	0.002486	0.002431
45	0.019287	0.019198
45	0.002408	0.002353
45	0.002490	0.002438
45	0.002408	0.002356
45	0.005864	0.005800
45	0.009158	0.009074
45	0.003520	0.003467
45	0.005171	0.005115
45	0.003123	0.003069
45	0.002356	0.002303
45	0.003640	0.003589
45	0.002413	0.002359
45	0.003835	0.003783
45	0.005961	0.005907
45	0.003772	0.003718
45	0.003187	0.003134
45	0.014096	0.014042
46	0.004043	0.003986
46	0.002679	0.002625
46	0.003844	0.003792
46	0.002463	0.002408
46	0.002499	0.002446
46	0.003873	0.003818
46	0.004367	0.004313
46	0.002459	0.002404
46	0.019065	0.019011
46	0.004057	0.004006
46	0.006786	0.006735
46	0.004681	0.004630
46	0.007586	0.007534
46	0.003892	0.003838
46	0.003706	0.003654
46	0.003975	0.003919
46	0.002288	0.002232
46	0.002710	0.002658
46	0.003329	0.003277
46	0.003692	0.003609
47	0.003661	0.003605
47	0.004008	0.003951
47	0.004542	0.004490
47	0.015779	0.015726
47	0.005773	0.005720
47	0.004119	0.004064
47	0.012172	0.012117
47	0.007166	0.007115
47	0.003872	0.003819
47	0.004328	0.004272
47	0.003936	0.003882
47	0.012327	0.012274
47	0.004054	0.004001
47	0.005954	0.005824
47	0.010357	0.010265
47	0.003808	0.003756
47	0.007494	0.007440
47	0.003450	0.003398
47	0.002434	0.002380
47	0.004271	0.004219
48	0.002690	0.002624
48	0.002488	0.002434
48	0.003597	0.003468
48	0.005227	0.005176
48	0.002541	0.002488
48	0.005335	0.005281
48	0.006368	0.006310
48	0.009674	0.009621
48	0.005897	0.005841
48	0.002638	0.002585
48	0.002736	0.002683
48	0.002678	0.002626
48	0.005524	0.005472
48	0.004461	0.004407
48	0.005983	0.005928
48	0.004078	0.004019
48	0.009196	0.009144
48	0.006996	0.006926
48	0.008286	0.008231
48	0.002505	0.002450
49	0.008870	0.008497
49	0.005529	0.005381
49	0.007482	0.007427
49	0.002585	0.002534
49	0.002607	0.002556
49	0.002594	0.002541
49	0.004124	0.004068
49	0.003973	0.003919
49	0.014123	0.014068
49	0.004734	0.004678
49	0.003929	0.003874
49	0.004021	0.003966
49	0.003902	0.003842
49	0.004904	0.004843
49	0.004951	0.004894
49	0.004511	0.004452
49	0.003298	0.003241
49	0.005400	0.005348
49	0.013161	0.013067
49	0.014630	0.014579
50	0.004290	0.004233
50	0.003081	0.003027
50	0.003270	0.002956
50	0.003214	0.003160
50	0.003394	0.003343
50	0.011700	0.011647
50	0.004320	0.004265
50	0.003829	0.003777
50	0.002642	0.002584
50	0.011944	0.011890
50	0.004060	0.004003
50	0.005329	0.005274
50	0.004012	0.003924
50	0.003432	0.003376
50	0.005506	0.005372
50	0.005723	0.005672
50	0.002756	0.002702
50	0.003123	0.003068
50	0.004829	0.004775
50	0.004248	0.004194
